0 0.092428 0.288636 0.135857 0.522727
2 0.252784 0.259091 0.167038 0.463636
2 0.365256 0.263636 0.155902 0.418182
0 0.595768 0.288636 0.278396 0.522727
2 0.867483 0.272727 0.256125 0.518182
2 0.076837 0.786364 0.149220 0.409091
0 0.302895 0.795455 0.280624 0.381818
2 0.616927 0.834091 0.155902 0.277273
2 0.565702 0.647727 0.187082 0.131818
2 0.507795 0.784091 0.111359 0.131818
2 0.508909 0.881818 0.091314 0.136364
0 0.818486 0.775000 0.118040 0.222727
0 0.948775 0.627273 0.097996 0.136364
0 0.924276 0.831818 0.151448 0.181818
