0 0.483141 0.500868 0.218690 0.998264
1 0.565029 0.620660 0.041426 0.105903
1 0.388247 0.598090 0.038536 0.123264
0 0.127168 0.358507 0.046243 0.380208
0 0.174855 0.335069 0.064547 0.319444
0 0.221098 0.336806 0.054913 0.340278
0 0.250963 0.371528 0.051060 0.350694
0 0.288536 0.334201 0.029865 0.289931
0 0.338150 0.354167 0.046243 0.381944
0 0.368979 0.325521 0.026975 0.248264
0 0.403179 0.294271 0.043353 0.171875
0 0.626204 0.360243 0.036609 0.262153
0 0.946050 0.361979 0.050096 0.171875
0 0.988921 0.342014 0.022158 0.107639
