1 0.591875 0.345833 0.446250 0.658333
3 0.513125 0.350000 0.108750 0.216667
3 0.660000 0.370000 0.127500 0.200000
2 0.211250 0.564167 0.187500 0.548333
2 0.065625 0.740000 0.098750 0.106667
2 0.061875 0.855833 0.121250 0.165000
2 0.096250 0.915000 0.105000 0.100000
2 0.158125 0.908333 0.096250 0.126667
2 0.226875 0.785833 0.106250 0.111667
2 0.303125 0.747500 0.143750 0.241667
2 0.260625 0.903333 0.098750 0.103333
2 0.416250 0.720833 0.117500 0.108333
2 0.455000 0.644167 0.070000 0.095000
2 0.507500 0.596667 0.105000 0.143333
2 0.515625 0.677500 0.086250 0.088333
2 0.513750 0.732500 0.080000 0.085000
2 0.512500 0.818333 0.085000 0.090000
2 0.484375 0.912500 0.271250 0.108333
2 0.605625 0.830000 0.106250 0.103333
2 0.657500 0.913333 0.110000 0.133333
2 0.880000 0.826667 0.237500 0.276667
